12.94336143,77.57386208
12.94277588,77.57377625
12.94227398,77.57377625
12.94168842,77.57386208
12.94101922,77.57386208
12.94060096,77.57386208
12.94009906,77.57386208
12.9395135,77.57386208
12.93912313,77.57386208
12.93853757,77.57386208
12.93795201,77.57386208
12.93728279,77.57386208
12.9364881,77.57377625
12.9356934,77.57369041
12.93535879,77.57377625
12.93498235,77.57381916
12.93502418,77.57313251
12.93506601,77.57266045
12.93506601,77.57193089
12.93510783,77.57163048
12.93477322,77.57167339
12.93435496,77.57163048
12.93393669,77.57154465
12.93364391,77.57145882
12.93343477,77.57137299
12.9334766,77.57060051
12.93360208,77.5697422
12.93372756,77.56935596
12.93351843,77.56914139
12.93360208,77.56871223
12.93368573,77.56811142
12.93339295,77.56798267
12.93305833,77.56798267
12.93276555,77.56785393
12.93247276,77.56763935
12.93209632,77.56742477
12.93167805,77.5672102
12.93131555,77.56712437
12.9310855,77.56705999
12.93056266,77.56686687
12.93003982,77.56667376
12.93006074,77.56607294
12.93014439,77.56570816
12.93018622,77.56532192
12.93022805,77.56474257
12.93033261,77.56420612
12.93043718,77.56364822
12.93020713,77.56362677
12.93026987,77.56334782
12.9303117,77.56313324
12.9303117,77.56278992
12.93052084,77.56223202
12.9304581,77.56186724
12.93037096,77.56166339
12.93029776,77.5615561
12.93018273,77.56143808
12.93003634,77.56120205
12.92986903,77.56096601
12.92969126,77.56067634
12.92949258,77.56037593
12.92924162,77.56013989
12.92910568,77.56004333
12.92892792,77.55991459
12.92879198,77.55985022
12.92841553,77.55960345
12.92836325,77.55948544
12.92822731,77.5593245
12.92814365,77.5591743
12.92801817,77.55890608
12.92789269,77.55863786
12.92768355,77.55825162
12.92749532,77.55791903
12.92727573,77.55764008
12.9270875,77.55733967
12.92688882,77.55707145
12.9267006,77.55680323
12.92651237,77.55653501
12.92632415,77.55626678
12.92613592,77.55599856
12.92589541,77.5557518
12.92570719,77.55554795
12.92543531,77.555269
12.92521571,77.55512953
12.92494383,77.55505443
12.92474514,77.55497932
12.92449418,77.55489349
12.92418046,77.55477548
12.92386675,77.55464673
12.92354258,77.55451798
12.92368898,77.55399227
12.92379355,77.55365968
12.92389812,77.55328417
12.92400269,77.55290866
12.92410726,77.55253315
12.92421184,77.55215764
12.92428329,77.55191624
12.92437218,77.55165875
12.9244872,77.55137444
12.92464406,77.5510633
12.92481137,77.55073607
12.92498914,77.55040348
12.92519828,77.55007088
12.92535514,77.54976511
12.92581524,77.54899263
12.92607318,77.54849911
12.92640083,77.54815578
12.92671454,77.54776955
12.92700734,77.54734039
12.9274047,77.54682541
12.92784389,77.54628897
12.92817502,77.54595637
12.92839462,77.54567742
12.92861421,77.54544139
12.92886517,77.54513025
12.92911614,77.54481912
12.92938802,77.54450798
12.92963898,77.54431486
12.92986903,77.54410028
12.93010954,77.54383206
12.93035004,77.54356384
12.93049992,77.54339755
12.93063586,77.54322588
12.93078226,77.54305422
12.93093911,77.5428772
12.93109596,77.54270017
12.93116044,77.54260361
12.93121534,77.54252851
12.93184536,77.54189014
12.93226363,77.54124641
12.93268189,77.54055977
12.93326747,77.53978729
12.93385304,77.53901482
12.93428525,77.53910065
12.93476625,77.53920794
12.93539365,77.53944397
12.93612561,77.53963709
12.93648113,77.53972292
12.93671117,77.53980875
12.93706669,77.53980875
12.93742221,77.53980875
12.93777773,77.53980875
12.93780562,77.53968
12.9378579,77.53954053
12.93788927,77.53940105
12.93797292,77.53928304
12.93821342,77.53927231
12.93853757,77.53916502
12.93881989,77.5391221
12.93917541,77.53906846
12.93961458,77.5389719
12.93984462,77.53895044
12.94001192,77.5388968
12.94034653,77.53887534
12.94068113,77.53885388
12.94101573,77.53881097
12.94135034,77.53876805
12.94157689,77.53873587
12.94184875,77.53869295
12.94228792,77.53865004
12.94274799,77.53871441
12.94331263,77.53869295
12.94350084,77.53867149
12.94345902,77.53905773
12.94343811,77.53940105
12.94343811,77.5399375
12.94341719,77.54047394
12.94337537,77.54111767
12.94333354,77.5417614
12.94329172,77.54219055
12.94324989,77.54266262
12.94322898,77.54282355
12.94320807,77.54305959
12.94319761,77.54338145
12.9431767,77.54379988
12.94315579,77.54425049
12.94314533,77.5445509
12.94313487,77.54495859
12.94308259,77.545259
12.94295712,77.54561305
12.94287347,77.54602075
12.94278982,77.54642844
12.94270617,77.54669666
12.94262252,77.54701853
12.94254932,77.54732966
12.94249704,77.5475657
12.94241339,77.54773736
12.94237157,77.54798412
12.94235065,77.54830599
12.9425075,77.54846692
12.94263297,77.54856348
12.94288392,77.54857421
12.94303031,77.54857421
12.94324989,77.54853129
12.94347993,77.54848838
12.94378316,77.54842401
12.94415958,77.54835963
12.94442099,77.54841328
12.94471376,77.54846692
12.94498562,77.54852057
12.94519475,77.54849911
12.94550843,77.54847765
12.94590576,77.54845619
12.94609397,77.54841328
12.94634492,77.54832745
12.94653313,77.54828453
12.94670043,77.54824162
12.94693046,77.54822016
12.94722323,77.5481987
12.94757874,77.54822016
12.94795516,77.54829526
12.94813291,77.54832745
12.94832112,77.54838109
12.94844136,77.54841328
12.94856684,77.54848838
12.94869754,77.54857957
12.94873936,77.54861176
12.94877073,77.54864395
12.94881778,77.54868686
12.94910532,77.54888535
12.94931444,77.54905701
12.94960721,77.54922867
12.94998362,77.54940033
12.95036004,77.54935741
12.95107104,77.5493145
12.95128016,77.54922867
12.95148928,77.54901409
12.95182386,77.5487566
12.95220028,77.54888535
12.95245122,77.54905701
12.95257669,77.54927158
12.95253486,77.54952908
12.95236757,77.54982948
12.95194933,77.55008698
12.95165657,77.55017281
12.95123833,77.55030155
12.95119651,77.55047321
12.95123833,77.55077362
12.95128016,77.55120277
12.95128016,77.55139589
12.95123833,77.55161047
12.95107104,77.55178213
12.9511756,77.55193233
12.95130107,77.55212545
12.95123833,77.55234003
12.95113378,77.55257607
12.95103967,77.55270481
12.95090374,77.55317688
12.95073645,77.55343437
12.95061098,77.55373478
12.95048551,77.55420685
12.95040186,77.55493641
12.95048551,77.55540848
12.95036004,77.55605221
12.95036004,77.55626678
12.95015092,77.55661011
12.95015092,77.55699635
12.95031821,77.55721092
12.95056916,77.55729675
12.9508201,77.55699635
12.95111286,77.55665302
12.95140563,77.55639553
12.95178204,77.55609512
12.95194933,77.55588055
12.95220028,77.55562305
12.95257669,77.5557518
12.9529531,77.55600929
12.95328768,77.55626678
12.95324586,77.55673885
12.95320404,77.55733967
12.95316221,77.5579834
12.95316221,77.5585413
12.95320404,77.55879879
12.95326677,77.55916357
12.95345498,77.55957127
12.95358045,77.56004333
12.95353862,77.56049395
12.95345498,77.56094456
12.95332951,77.56141663
12.95324586,77.56167412
12.9529531,77.56167412
12.95274398,77.56175995
12.9522421,77.56167412
12.95178204,77.56184578
12.95144745,77.56184578
12.95102922,77.56206036
12.95069463,77.56214619
12.95031821,77.56223202
12.94989997,77.56210327
12.94948174,77.56197453
12.94927262,77.56167412
12.94902167,77.56180286
12.94864526,77.56201744
12.94877073,77.56221056
12.94887529,77.56248951
12.94897985,77.5625968
12.94897985,77.562747
12.94891711,77.56285429
12.94883346,77.56311178
12.94879164,77.56334782
12.9487289,77.56362677
12.94860343,77.56397009
12.94851978,77.56406665
12.94847796,77.56417394
12.94833158,77.56423831
12.94809109,77.56423831
12.9478506,77.56422758
12.94759965,77.56421685
12.94733825,77.56420612
12.94723369,77.56421685
12.9471605,77.56421685
12.9470873,77.56421685
12.94704025,77.56421685
12.94700366,77.56421685
12.94695138,77.56421149
12.94691217,77.56420881
12.94686773,77.56421149
12.9468076,77.56421417
12.9467501,77.56420881
12.94672134,77.56421149
12.94667952,77.56421149
12.94662985,77.56421149
12.94659456,77.56421149
12.94656189,77.56421149
12.94652137,77.56421149
12.94650699,77.56421283
12.94649915,77.56421283
12.94649065,77.56421216
12.9464521,77.56421149
12.94640243,77.56421149
12.94634754,77.56421149
12.94625604,77.56420881
12.94614887,77.56420881
12.94606783,77.56421953
12.94595282,77.56422758
12.9458378,77.56423563
12.94569664,77.56424099
12.9455581,77.56423563
12.94544308,77.56423831
12.94532806,77.56424099
12.94521043,77.56423563
12.94507711,77.56422758
12.94484969,77.56421685
12.94456738,77.56422758
12.94429552,77.56423831
12.94402365,77.56424904
12.94373088,77.56425977
12.94353221,77.56425977
12.94327081,77.56424904
12.94294666,77.56425977
12.94259115,77.56428123
12.94221472,77.56430268
12.94182784,77.56432414
12.94146187,77.56430268
12.94105407,77.56428123
12.94060445,77.5642705
12.94009209,77.56428123
12.93989342,77.56428123
12.93978885,77.56420612
12.93962155,77.56413102
12.9393706,77.56404519
12.93932877,77.56397009
12.93923466,77.56395936
12.93923466,77.56405592
12.93926603,77.56420612
12.93922421,77.56444216
12.93924512,77.56464601
12.93925558,77.56493568
12.93926603,77.56522536
12.93927126,77.56545603
12.93927649,77.56567597
12.93928172,77.56591201
12.93939151,77.56590128
12.93956927,77.56589592
12.93974703,77.56589055
12.93989342,77.56596565
12.94006595,77.56605685
12.94018097,77.56620169
12.94026985,77.56639481
12.94036395,77.56658792
12.94043192,77.56662548
12.94066196,77.56664157
12.94083449,77.56666303
12.94105407,77.56669521
12.9412632,77.56677568
12.94147755,77.56686151
12.9416344,77.56697416
12.94179647,77.56712437
12.94195854,77.56727457
12.94216244,77.56738722
12.94229837,77.56752133
12.9424709,77.56767154
12.94264866,77.56777346
12.94286824,77.56782174
12.9430094,77.56787002
12.94317147,77.56787539
12.94340674,77.56787002
12.94359495,77.56785393
12.94362632,77.56807923
12.94361586,77.56833136
12.94360541,77.56861031
12.94360018,77.5689429
12.94359495,77.56933451
12.94358972,77.56979048
12.94358972,77.57024646
12.94359495,77.57070243
12.94361063,77.57077754
12.94362632,77.57101357
12.943642,77.57132471
12.94362632,77.57161975
12.94360541,77.57193089
12.94361063,77.57231176
12.94361063,77.5727731
12.94361063,77.5732398
12.94361063,77.57370651
12.94361063,77.57388353
12.94357926,77.5738889
12.94350084,77.57392108
12.94342242,77.57391572
