13.054712,77.535367
13.055172,77.53541
13.055423,77.535453
13.055715,77.53541
13.055925,77.53541
13.056384,77.53541
13.056719,77.53541
13.056844,77.53541
13.057053,77.535367
13.057597,77.535281
13.057806,77.535238
13.058098,77.535024
13.058516,77.534895
13.058893,77.534766
13.059102,77.534723
13.059394,77.534466
13.059687,77.534337
13.059938,77.534337
13.060272,77.534509
13.060523,77.534595
13.060816,77.534895
13.06115,77.53511
13.061317,77.535238
13.061694,77.535324
13.062028,77.535367
13.062154,77.535367
13.062572,77.535367
13.062864,77.535324
13.06324,77.535281
13.063575,77.535067
13.063909,77.534895
13.064077,77.534723
13.064286,77.53468
13.064662,77.534552
13.064954,77.534595
13.065205,77.534595
13.065414,77.534552
13.065665,77.534509
13.065832,77.534509
13.065988,77.534509
13.066125,77.534294
13.066167,77.534165
13.066334,77.53408
13.066585,77.53408
13.066961,77.53408
13.067421,77.533908
13.067588,77.533736
13.068006,77.533479
13.068132,77.533178
13.068341,77.532964
13.068633,77.532492
13.068633,77.532191
13.068926,77.531848
13.069009,77.531633
13.069177,77.531247
13.069177,77.531118
13.069218,77.530775
13.069302,77.53056
13.069511,77.530689
13.069804,77.530689
13.07018,77.530689
13.070514,77.530732
13.070807,77.530732
13.0711,77.530732
13.071267,77.530861
13.071518,77.53099
13.071852,77.531075
13.072187,77.531118
13.072437,77.531118
13.072772,77.531075
13.073148,77.531075
13.073566,77.531075
13.073942,77.531247
13.074109,77.531333
13.07436,77.531204
13.074569,77.531161
13.074946,77.531118
13.075113,77.531118
13.075447,77.531204
13.075907,77.531204
13.076032,77.531161
13.076158,77.531118
13.076367,77.531033
13.076492,77.531033
13.076827,77.531033
13.07691,77.530904
13.077077,77.530904
13.077328,77.530861
13.077454,77.530818
13.077955,77.530732
13.078069,77.530625
13.078278,77.530582
13.078466,77.530475
13.078529,77.53041
13.078529,77.530282
13.078508,77.530088
13.078508,77.529895
13.07857,77.529938
13.078884,77.529917
13.079114,77.529917
13.079386,77.529981
13.079595,77.52996
13.07972,77.52996
13.079845,77.52996
13.080075,77.530003
13.080222,77.530046
13.08041,77.530046
13.080723,77.530067
13.081037,77.530067
13.081183,77.530067
13.081434,77.530046
13.081601,77.530046
13.081915,77.530046
13.081977,77.530046
13.08201,77.529917
13.082177,77.529917
13.082386,77.529831
13.08247,77.529702
13.082637,77.529445
13.08273,77.529359
13.082855,77.529166
13.082939,77.528951
13.082939,77.528801
13.082876,77.528651
13.082772,77.528586
13.082688,77.528436
13.082583,77.528329
13.082416,77.528136
13.082437,77.527835
13.082667,77.527599
13.082709,77.527492
13.082792,77.527428
13.082688,77.527256
13.082667,77.527192
13.082542,77.527127
13.082458,77.527084
13.082291,77.527063
13.082103,77.526934
13.081977,77.526891
13.081936,77.526784
13.081867,77.526484
13.082034,77.526054
13.082117,77.525797
13.082117,77.525454
13.082117,77.525024
13.082117,77.524509
13.082117,77.524166
13.082034,77.523823
13.081699,77.523737
13.081365,77.523823
13.080863,77.523909
13.080529,77.523909
13.080111,77.523651
13.079776,77.523222
13.079693,77.522964
13.079358,77.522449
13.079024,77.522192
13.078773,77.522106
13.079024,77.521763
13.07894,77.52142
13.07869,77.52142
13.078355,77.52142
13.078206,77.521162
13.078248,77.520947
13.078248,77.520647
13.078248,77.52039
13.077937,77.520304
13.077436,77.520046
13.077018,77.520046
13.076683,77.51996
13.076349,77.519875
13.075847,77.519703
13.075489,77.519403
13.075196,77.519403
13.074946,77.519145
13.074778,77.519145
13.074509,77.519016
13.074091,77.518845
13.073841,77.518845
13.0739,77.518544
13.074026,77.518287
13.074151,77.518072
13.074277,77.5176
13.074486,77.517428
13.074653,77.5173
13.07482,77.517042
13.074987,77.516699
13.074987,77.516141
13.075029,77.515926
13.075155,77.515368
13.07528,77.515068
13.075364,77.514682
13.075447,77.514467
13.075573,77.514081
13.075656,77.513738
13.07574,77.513437
13.07574,77.51318
13.075823,77.512879
13.075907,77.512493
13.075991,77.512364
13.075991,77.511292
13.075991,77.511077
13.075991,77.510862
13.075991,77.51009
13.075991,77.509832
13.076074,77.509532
13.076241,77.509232
13.07645,77.509103
13.076576,77.509017
13.076701,77.508802
13.076785,77.508545
13.07691,77.50833
13.076952,77.508159
13.076952,77.507944
13.077036,77.507472
13.077077,77.507129
13.077161,77.506785
13.077161,77.506056
13.077161,77.505841
13.077119,77.50567
13.07691,77.505627
13.076743,77.505541
13.076618,77.505369
13.076409,77.505283
13.076158,77.505069
13.075991,77.50494
13.075823,77.504811
13.075698,77.504683
13.075531,77.504554
13.075322,77.504425
13.075196,77.504339
13.074987,77.504125
13.074862,77.504039
13.074695,77.50391
13.074569,77.503738
13.074193,77.503352
13.073859,77.503223
13.073817,77.503009
13.073566,77.502666
13.073357,77.502451
13.07319,77.502236
13.073023,77.502065
13.072981,77.501936
13.072814,77.501764
13.072605,77.501678
13.072521,77.50155
13.072354,77.501121
13.072228,77.500777
13.072145,77.500606
13.072061,77.500219
13.072061,77.499833
13.072061,77.499704
13.071936,77.499232
13.071852,77.498589
13.071852,77.497902
13.071852,77.497387
13.071852,77.497087
13.071852,77.4967
13.071936,77.496099
13.071936,77.495756
13.072019,77.495327
13.072061,77.494984
13.072103,77.494469
13.072103,77.494254
13.072145,77.493739
13.072145,77.493181
13.071727,77.493181
13.071601,77.493181
13.071183,77.493181
13.070682,77.493181
13.070473,77.493095
13.069971,77.493052
13.069636,77.493095
13.069344,77.493052
13.069009,77.49301
13.068675,77.493052
13.068382,77.493052
13.06809,77.49301
13.067964,77.492967
13.067588,77.492881
13.067212,77.492881
13.066877,77.492838
13.06671,77.492838
13.066501,77.492752
13.066167,77.492752
13.065874,77.492752
13.065498,77.492752
13.065331,77.492752
13.064996,77.492709
13.06462,77.492709
13.064202,77.492709
13.063909,77.492752
13.063533,77.492924
13.063324,77.492924
13.063073,77.492924
13.062906,77.49301
13.062655,77.49301
13.062446,77.493095
13.062279,77.49331
13.062154,77.49331
13.061903,77.49331
13.061568,77.493181
13.061443,77.493052
13.061234,77.492924
13.060983,77.492752
13.06069,77.492666
13.060481,77.492452
13.060272,77.49228
13.05998,77.492023
13.059854,77.491894
13.059645,77.491808
13.059269,77.491508
13.058893,77.491379
13.058642,77.49125
13.058307,77.491164
13.058098,77.49095
13.057848,77.49095
13.057555,77.490778
13.057346,77.490735
13.05722,77.490692
13.056928,77.490778
13.056802,77.490907
13.056593,77.491121
13.056301,77.491293
13.056092,77.491379
13.055883,77.491508
13.055632,77.491636
13.055297,77.491808
13.055088,77.492065
13.054879,77.492151
13.054754,77.492366
13.054545,77.492409
13.054085,77.492623
13.053834,77.492623
13.053667,77.492623
13.053374,77.492623
13.05304,77.492537
13.052747,77.492537
13.052496,77.492537
13.052246,77.492537
13.051953,77.492537
13.051744,77.492623
13.051744,77.492752
13.051744,77.49301
13.051702,77.49331
13.051493,77.493567
13.051326,77.494082
13.051284,77.494383
13.051242,77.494597
13.051242,77.494984
13.0512,77.495241
13.0512,77.495413
13.0512,77.49567
13.051075,77.496142
13.050991,77.4964
13.05095,77.496572
13.05095,77.4967
13.050866,77.496829
13.050615,77.496872
13.050322,77.496872
13.050072,77.4967
13.049821,77.4967
13.049537,77.496679
13.049391,77.496614
13.049224,77.496593
13.049077,77.496507
13.048931,77.496486
13.048826,77.496421
13.048513,77.496293
13.048283,77.496271
13.048032,77.496271
13.047865,77.496228
13.047698,77.496185
13.047363,77.496164
13.0473,77.496035
13.04728,77.495842
13.047238,77.495584
13.047091,77.495542
13.046841,77.495413
13.046715,77.495413
13.046527,77.49537
13.046339,77.495348
13.046067,77.495241
13.045837,77.49522
13.045607,77.495112
13.045461,77.495112
13.045231,77.495177
13.045189,77.495241
13.045085,77.495241
13.044959,77.495306
13.044834,77.495348
13.044708,77.495477
13.044625,77.495499
13.044478,77.495606
13.044431,77.495638
13.044441,77.495735
13.044452,77.495853
13.044452,77.495992
13.044441,77.496099
13.044431,77.496175
13.04441,77.496314
13.044347,77.496389
13.044295,77.496572
13.044284,77.496679
13.044232,77.496797
13.044232,77.496883
13.04418,77.49699
13.044159,77.497108
13.044128,77.497215
13.044096,77.497323
13.044034,77.497441
13.044023,77.497537
13.043981,77.497623
13.043971,77.497709
13.04396,77.497805
13.043887,77.497998
13.043856,77.498041
13.043772,77.498074
13.04371,77.498063
13.043574,77.498074
13.043501,77.498074
13.043417,77.498074
13.043333,77.498063
13.043239,77.498074
13.043166,77.498074
13.04302,77.498041
13.042926,77.498052
13.042832,77.498052
13.042706,77.498031
13.042602,77.498031
13.042455,77.497998
13.042403,77.497998
13.042288,77.497998
13.042225,77.497998
13.042215,77.497923
13.042215,77.49787
13.042215,77.49772
13.042163,77.497526
13.042152,77.497398
13.042121,77.497323
13.042048,77.497097
13.042037,77.496958
13.041975,77.496797
13.041901,77.4967
13.04188,77.49655
13.04186,77.496454
13.041849,77.496378
13.041803,77.496314
13.041698,77.496314
13.041594,77.496336
13.041504,77.496293
13.04141,77.496282
13.041326,77.49626
13.041295,77.49626
13.041212,77.496217
13.041138,77.496207
13.040992,77.496196
13.040887,77.496175
13.040814,77.496175
13.04072,77.496164
13.040637,77.496142
13.040511,77.496132
13.040302,77.496121
13.040208,77.496142
13.040177,77.496142
13.040072,77.496153
13.039703,77.496142
13.039411,77.496228
13.038993,77.496228
13.038658,77.496443
13.038324,77.496614
13.037989,77.496915
13.037738,77.497001
13.037571,77.497087
13.03732,77.497258
13.037111,77.49743
13.036902,77.497473
13.036609,77.497473
13.036359,77.497473
13.036191,77.497473
13.036024,77.497773
13.035857,77.498074
13.035857,77.498288
13.03569,77.498589
13.035397,77.49846
13.035271,77.49846
13.034937,77.49846
13.03477,77.49846
13.034435,77.49846
13.034143,77.498417
13.034017,77.49846
13.033892,77.498717
13.033288,77.49876
13.032536,77.498674
13.03195,77.498503
13.031532,77.498417
13.030947,77.498245
13.030362,77.498159
13.030027,77.498074
13.029776,77.498074
13.029442,77.497816
13.029191,77.497644
13.028689,77.497644
13.028187,77.497387
13.027686,77.497301
13.026766,77.497044
13.026431,77.496786
13.025846,77.496357
13.025261,77.496357
13.024926,77.496099
13.023941,77.49567
13.02369,77.495584
13.023397,77.495327
13.02323,77.495112
13.023021,77.495027
13.022687,77.494769
13.022477,77.494469
13.022101,77.49404
13.021599,77.493782
13.021307,77.493696
13.02093,77.494125
13.020596,77.494469
13.020429,77.494769
13.020261,77.494855
13.019969,77.494962
13.019425,77.495348
13.019049,77.49552
13.018798,77.495649
13.018505,77.495649
13.018213,77.495863
13.01792,77.496421
13.017836,77.496765
13.017836,77.497151
13.017795,77.497451
13.017753,77.497623
13.017753,77.497966
13.017627,77.49831
13.017418,77.498481
13.017084,77.49861
13.016833,77.498696
13.016582,77.498696
13.016247,77.498825
13.016038,77.499039
13.015746,77.499168
13.015495,77.499297
13.015244,77.499511
13.015202,77.499726
13.014993,77.499855
13.014784,77.49994
13.014306,77.499833
13.013971,77.499833
13.01353,77.499812
13.013153,77.499855
13.012819,77.499897
13.012359,77.499983
13.012108,77.500155
13.011815,77.500198
13.011397,77.500327
13.010937,77.500327
13.010519,77.50037
13.009922,77.500445
13.009755,77.500488
13.009566,77.500552
13.009316,77.500638
13.00919,77.500681
13.008876,77.500724
13.00873,77.500745
13.008605,77.500767
13.008417,77.500788
13.008166,77.500788
13.008019,77.500745
13.00804,77.500638
13.008061,77.500552
13.007759,77.500541
13.007174,77.50067
13.007007,77.500627
13.006547,77.500541
13.00617,77.500584
13.005501,77.50067
13.00525,77.50067
13.004707,77.500541
13.004498,77.500541
13.003996,77.500412
13.003745,77.500412
13.003494,77.500327
13.003494,77.49994
13.003494,77.499683
13.003369,77.499082
13.003452,77.498868
13.003494,77.498267
13.00362,77.49788
13.003369,77.497795
13.003202,77.497752
13.002909,77.497709
13.002574,77.497623
13.00224,77.497623
13.001989,77.497623
13.00178,77.49758
13.001613,77.49758
13.001278,77.497451
13.001111,77.497365
13.000902,77.497194
13.000776,77.497065
13.000681,77.49699
13.000534,77.496711
13.000451,77.496518
13.00043,77.496325
13.000325,77.496604
13.000346,77.49684
13.000263,77.497011
13.000263,77.49729
13.000137,77.497505
13.000137,77.497741
13.000107,77.497966
12.99994,77.498181
12.999856,77.498438
12.999815,77.49861
12.999815,77.498825
12.999647,77.499125
12.999647,77.49934
12.999522,77.499425
12.999355,77.499554
12.999104,77.499597
12.998978,77.499812
12.998853,77.499897
12.998736,77.499951
12.998653,77.499994
12.998527,77.500144
12.998465,77.50023
12.998402,77.500423
12.998235,77.500638
12.99813,77.500681
12.99813,77.500917
12.997942,77.500981
12.997733,77.500981
12.997649,77.50096
12.997482,77.500938
12.997294,77.500874
12.997168,77.500809
12.997126,77.501067
12.997043,77.50111
12.996813,77.501067
12.996604,77.501003
12.996541,77.500981
12.996332,77.500938
12.996242,77.500911
12.996148,77.500911
12.996044,77.500868
12.99596,77.500847
12.995642,77.500724
12.99537,77.500681
12.995203,77.500638
12.995015,77.500573
12.99491,77.500573
12.994785,77.500573
12.994659,77.50053
12.994534,77.500445
12.994367,77.500423
12.99422,77.500423
12.994011,77.500294
12.993844,77.500294
12.993698,77.500252
12.993572,77.50023
12.993384,77.500209
12.993279,77.500123
12.993112,77.500101
12.992924,77.499994
12.992798,77.499994
12.992652,77.49993
12.992443,77.499801
12.992171,77.499651
12.991962,77.499672
12.991816,77.499586
12.991753,77.499501
12.991649,77.499415
12.991544,77.499329
12.991377,77.499028
12.991293,77.498986
12.991084,77.498857
12.990979,77.498664
12.990896,77.498492
12.990833,77.498385
12.990749,77.498385
12.990666,77.498299
12.990519,77.498127
12.990394,77.498041
12.990331,77.497934
12.990227,77.497677
12.990164,77.497634
12.990137,77.497585
12.990054,77.497521
12.990022,77.4975
12.989928,77.497403
12.989878,77.497293
12.989847,77.497266
12.989779,77.497213
12.989732,77.497196
12.989709,77.497221
12.989635,77.497188
12.989552,77.497156
12.989479,77.497113
12.989374,77.497092
12.989301,77.497028
12.989186,77.496952
12.989071,77.496899
12.988987,77.496856
12.988893,77.496856
12.988757,77.496856
12.988663,77.496845
12.988559,77.496824
12.988496,77.496931
12.988548,77.496995
12.988621,77.497199
12.988632,77.497349
12.988684,77.497521
12.988715,77.497703
12.988747,77.497961
12.988778,77.498122
12.988809,77.498229
12.988851,77.498379
12.988851,77.498497
12.988851,77.498648
12.988851,77.498744
12.988851,77.498809
12.988851,77.498916
12.988851,77.499023
12.988851,77.499152
12.988851,77.499238
12.988851,77.499442
12.988872,77.499495
12.988872,77.49956
12.988893,77.499699
12.988914,77.499838
12.988935,77.499935
12.988977,77.500053
12.989019,77.500225
12.989081,77.500364
12.989102,77.500482
12.989165,77.500622
12.989217,77.500783
12.989259,77.50089
12.989332,77.501008
12.989353,77.501072
12.989395,77.501212
12.989437,77.501298
12.98952,77.501459
12.989625,77.501609
12.989688,77.501823
12.989709,77.50192
12.98975,77.502081
12.989792,77.502199
12.989824,77.502392
12.989855,77.502446
12.989918,77.502564
12.989959,77.502703
12.989959,77.502821
12.990033,77.502971
12.990043,77.503132
12.990054,77.503218
12.990085,77.503379
12.990158,77.503561
12.990158,77.503712
12.990169,77.503787
12.990169,77.503915
12.990179,77.504162
12.990158,77.504334
12.990137,77.50443
12.990127,77.504538
12.990116,77.504591
12.990095,77.504817
12.990074,77.504935
12.990012,77.505042
12.98998,77.505117
12.989897,77.505257
12.989829,77.505401
12.989767,77.505466
12.989683,77.505594
12.989641,77.505659
12.989913,77.505552
12.989997,77.505509
12.990143,77.505444
12.990289,77.505337
12.990394,77.505294
12.990519,77.50523
12.990603,77.505165
12.990666,77.505101
12.990791,77.505058
12.990854,77.505037
12.990917,77.504886
12.991063,77.504822
12.991168,77.504779
12.991335,77.504758
12.991502,77.504715
12.991586,77.504629
12.991795,77.504672
12.99192,77.504629
12.991983,77.504629
12.992109,77.504629
12.992234,77.504586
12.992339,77.504586
12.992401,77.504607
12.992485,77.504607
12.992548,77.504607
12.992694,77.504607
12.992861,77.504607
12.992945,77.504607
12.993028,77.504607
12.993175,77.504607
12.993384,77.504565
12.99353,77.504543
12.993656,77.504543
12.993844,77.504457
12.993969,77.504479
12.994053,77.504479
12.994241,77.504414
12.994429,77.504371
12.994513,77.504328
12.994576,77.504307
12.994659,77.5042
12.994743,77.504135
12.994868,77.504071
12.994931,77.504071
12.995077,77.50405
12.995215,77.504275
12.995215,77.504404
12.995224,77.504586
12.995245,77.504736
12.995245,77.504929
12.995454,77.505037
12.9956,77.505101
12.995726,77.505122
12.995914,77.505187
12.995997,77.505208
12.996207,77.505316
12.996457,77.505401
12.996541,77.505401
12.996729,77.505487
12.996938,77.50553
12.997064,77.505552
12.997315,77.505616
12.997586,77.505702
12.99767,77.505745
12.997858,77.505766
12.998026,77.505809
12.998235,77.505916
12.998339,77.505959
12.998569,77.506045
12.998695,77.506045
12.99882,77.506067
12.998799,77.506238
12.998653,77.506496
12.998569,77.506667
12.998527,77.506796
12.998506,77.506903
12.998465,77.507011
12.998402,77.507139
12.998318,77.507354
12.998255,77.507504
12.998255,77.507612
12.998172,77.50774
12.99813,77.507848
12.998046,77.508126
12.998005,77.508298
12.997942,77.508427
12.997858,77.508813
12.997837,77.508899
12.997837,77.509028
12.997957,77.509087
12.998051,77.509151
12.998135,77.509205
12.998239,77.509248
12.998344,77.509291
12.998417,77.509323
12.99848,77.509366
12.9985,77.509419
12.998521,77.509462
12.99848,77.509645
12.998427,77.509752
12.998385,77.509924
12.998354,77.51002
12.998323,77.510095
12.998302,77.51016
12.99826,77.510331
12.998229,77.510428
12.998197,77.510557
12.998197,77.510664
12.998166,77.51076
12.998135,77.510932
12.998103,77.511018
12.998082,77.51119
12.998051,77.511308
12.998051,77.511458
12.998051,77.511597
12.998051,77.511694
12.998061,77.511812
12.998061,77.511887
12.998061,77.511984
12.99804,77.512091
12.99803,77.512209
12.997988,77.512348
12.997963,77.512525
12.997921,77.512676
12.9979,77.512804
12.997879,77.512954
12.997879,77.513105
12.997858,77.513427
12.997807,77.51363
12.997766,77.513759
12.997775,77.513856
12.9979,77.513856
12.998088,77.513856
12.998214,77.513856
12.998381,77.513899
12.998465,77.513899
12.998569,77.513942
12.998626,77.514011
12.998678,77.514086
12.998699,77.514129
12.998762,77.514204
12.998783,77.514322
12.998793,77.51444
12.998793,77.514601
12.998804,77.514698
12.998814,77.514816
12.998825,77.514955
12.998835,77.515052
12.998814,77.515288
12.998814,77.515363
12.998751,77.515578
12.99873,77.515664
12.998699,77.515749
12.998678,77.515878
12.998626,77.515985
12.998553,77.516125
12.99849,77.516211
12.998385,77.516307
12.998302,77.516382
12.998145,77.516468
12.997936,77.516479
12.997706,77.516479
12.997528,77.516447
12.997455,77.516425
12.99733,77.516361
12.997225,77.51635
12.997141,77.516457
12.997141,77.516565
12.997168,77.516731
12.997189,77.516989
12.997189,77.517074
12.997231,77.517182
12.997356,77.517246
12.99744,77.517353
12.997754,77.517332
12.998005,77.517332
12.998276,77.517375
12.998402,77.517375
12.998527,77.517375
12.998715,77.517375
12.998925,77.517332
12.999113,77.517267
12.999447,77.517139
12.999615,77.517117
12.999761,77.517074
12.99997,77.517074
13.000158,77.517053
13.000388,77.517053
13.000734,77.517149
13.000902,77.517149
13.001111,77.517321
13.001278,77.517321
13.001571,77.517321
13.00178,77.517321
13.001947,77.517321
13.002282,77.517321
13.002574,77.517321
13.002742,77.517321
13.002992,77.517321
13.003327,77.517364
13.003871,77.517364
13.004247,77.517493
13.004498,77.51745
13.004707,77.517407
13.004832,77.517407
13.004958,77.517407
13.005209,77.51745
13.005543,77.51745
13.00571,77.517278
13.00592,77.517278
13.006129,77.517235
13.006254,77.517192
13.006463,77.517192
13.006589,77.517149
13.006798,77.517149
13.006965,77.517149
13.007132,77.517149
13.007204,77.517203
13.007288,77.517225
13.007476,77.517246
13.007601,77.51716
13.007873,77.51716
13.007957,77.51716
13.008249,77.517203
13.008437,77.517246
13.008563,77.517353
13.008772,77.517461
13.008835,77.517568
13.008835,77.517697
13.008688,77.517782
13.008626,77.517933
13.008584,77.518083
13.008584,77.518147
13.008521,77.518233
13.008479,77.518383
13.008479,77.518491
13.008479,77.518555
13.0085,77.518684
13.008563,77.518684
13.008709,77.518684
13.008856,77.518834
13.008918,77.518877
13.009086,77.518941
13.009086,77.519006
13.009253,77.519091
13.009399,77.519091
13.009587,77.519242
13.009608,77.519306
13.009796,77.519478
13.009943,77.519521
13.010068,77.519563
13.010194,77.519671
13.010256,77.519671
13.010319,77.519735
13.010444,77.519757
13.010549,77.519821
13.010737,77.519842
13.010842,77.519907
13.010988,77.51995
13.011197,77.520036
13.011281,77.520078
13.011406,77.520078
13.011511,77.520121
13.01172,77.520143
13.011866,77.520186
13.012012,77.520207
13.012117,77.520229
13.012263,77.520207
13.012389,77.520186
13.012472,77.520121
13.012556,77.520078
13.012619,77.520036
13.012702,77.520121
13.012682,77.520314
13.012598,77.520379
13.012577,77.520679
13.012577,77.520787
13.012598,77.521023
13.01264,77.521237
13.012702,77.521387
13.012828,77.521538
13.012891,77.521688
13.012974,77.521838
13.013037,77.521988
13.0131,77.522181
13.013162,77.522246
13.013183,77.52246
13.013225,77.52261
13.013371,77.522804
13.013434,77.522804
13.013539,77.522761
13.013616,77.522734
13.013721,77.522712
13.013815,77.52268
13.013909,77.522637
13.013982,77.522584
13.014097,77.522562
13.014181,77.522487
13.014285,77.522476
13.014338,77.522433
13.014432,77.522412
13.014494,77.52239
13.014578,77.522358
13.014693,77.522358
13.014745,77.522326
13.014829,77.522294
13.014913,77.522262
13.014954,77.522262
13.015017,77.522251
13.01508,77.52223
13.015163,77.52223
13.015226,77.522219
13.015299,77.522219
13.015404,77.522197
13.015435,77.522197
13.015519,77.522165
13.015634,77.522144
13.015676,77.522133
13.015801,77.522122
13.015906,77.522112
13.015958,77.522112
13.016052,77.522079
13.016094,77.522079
13.016198,77.522058
13.016334,77.522036
13.016366,77.522026
13.01647,77.522015
13.016543,77.522015
13.016721,77.521983
13.016784,77.521983
13.016899,77.521951
13.016982,77.521951
13.017055,77.521951
13.017129,77.521961
13.017233,77.521961
13.017348,77.521961
13.017432,77.521961
13.017515,77.52194
13.01762,77.521918
13.017651,77.521918
13.017777,77.521918
13.017829,77.521886
13.017881,77.521886
13.017934,77.521886
13.018007,77.521886
13.018059,77.521886
13.01809,77.521886
13.018195,77.521897
13.018247,77.521897
13.01832,77.521918
13.018331,77.521994
13.018362,77.522101
13.018393,77.522187
13.018446,77.522272
13.018529,77.522326
13.018582,77.522466
13.018634,77.522498
13.018749,77.522573
13.018853,77.522659
13.018968,77.522798
13.019042,77.522916
13.019104,77.523023
13.019146,77.523163
13.01923,77.52327
13.019303,77.523388
13.019387,77.523506
13.019428,77.52356
13.019481,77.523635
13.019512,77.523689
13.019575,77.523807
13.019627,77.523914
13.019711,77.524011
13.019752,77.524075
13.019815,77.524171
13.019888,77.524332
13.019941,77.524429
13.020014,77.524536
13.020076,77.524633
13.02016,77.524794
13.020233,77.524922
13.020285,77.524998
13.020338,77.525105
13.020484,77.525298
13.020515,77.525341
13.02062,77.525491
13.020672,77.525588
13.020704,77.525652
13.020798,77.525759
13.02085,77.525845
13.020913,77.525952
13.021017,77.526103
13.021049,77.526167
13.021143,77.526285
13.021205,77.526328
13.02131,77.526446
13.021362,77.526521
13.021446,77.526607
13.021498,77.526661
13.021558,77.526505
13.021641,77.52629
13.021767,77.52599
13.021808,77.525775
13.021934,77.525518
13.022059,77.525175
13.022227,77.524617
13.022394,77.524102
13.022561,77.523715
13.022728,77.523415
13.023021,77.522857
13.02323,77.5226
13.023481,77.522213
13.023857,77.521827
13.023941,77.52157
13.024401,77.521312
13.024777,77.521141
13.025195,77.521012
13.025446,77.521012
13.02599,77.520711
13.026659,77.52054
13.027202,77.520239
13.02762,77.520068
13.028247,77.519853
13.02854,77.519767
13.028958,77.519467
13.029376,77.519381
13.029711,77.519209
13.030212,77.518866
13.030714,77.518737
13.031007,77.518651
13.031509,77.518437
13.031927,77.518265
13.032345,77.518094
13.032637,77.518051
13.033265,77.517922
13.033641,77.517922
13.034143,77.517922
13.034519,77.517922
13.035021,77.518008
13.035397,77.518094
13.035815,77.518222
13.036233,77.518308
13.036693,77.518308
13.037153,77.518351
13.037655,77.518308
13.037905,77.518308
13.038282,77.518308
13.038825,77.518308
13.039243,77.518308
13.039578,77.518437
13.039996,77.51848
13.040414,77.518737
13.040874,77.519038
13.041334,77.519209
13.041585,77.519424
13.042003,77.519724
13.042504,77.520025
13.042881,77.520325
13.043424,77.520669
13.043926,77.521012
13.044302,77.521312
13.044887,77.52157
13.045347,77.52187
13.04564,77.522171
13.0461,77.522385
13.046476,77.522643
13.046894,77.522857
13.047438,77.523029
13.047939,77.523415
13.048441,77.52363
13.048943,77.524102
13.049361,77.524402
13.049737,77.524874
13.050072,77.52526
13.050322,77.525647
13.050531,77.525947
13.050782,77.526205
13.051033,77.526505
13.051284,77.526805
13.051493,77.527235
13.05166,77.527578
13.051744,77.52805
13.051786,77.528522
13.052162,77.528865
13.052413,77.529252
13.052622,77.529509
13.052831,77.529809
13.05304,77.530153
13.053207,77.530367
13.053583,77.530668
13.053792,77.530839
13.054043,77.531097
13.054336,77.531312
13.054545,77.531655
13.05467,77.532299
13.05467,77.532899
13.05467,77.533329
13.05467,77.533844
13.05467,77.534359
13.05467,77.534616
13.05467,77.534959
