12.994638,77.595921
12.994806,77.595663
12.994889,77.595534
12.994994,77.595341
12.995098,77.595127
12.995182,77.594976
12.995287,77.59474
12.995349,77.594569
12.995412,77.594376
12.995433,77.594225
12.995475,77.594011
12.995475,77.593818
12.995475,77.59356
12.995475,77.593195
12.995475,77.592981
12.995475,77.592895
12.995475,77.592444
12.995454,77.592316
12.995454,77.592037
12.995433,77.591822
12.995433,77.591565
12.995412,77.591243
12.995412,77.59105
12.995328,77.590685
12.995328,77.590363
12.995328,77.590148
12.995328,77.589848
12.995307,77.589762
12.995412,77.589612
12.995579,77.58944
12.995684,77.589269
12.995767,77.589161
12.99583,77.589011
12.995872,77.588925
12.995977,77.588797
12.996123,77.588646
12.996186,77.588389
12.99629,77.587981
12.996416,77.587745
12.996562,77.587574
12.996771,77.58738
12.996917,77.587209
12.997064,77.587037
12.997294,77.586801
12.997398,77.586565
12.997566,77.586114
12.997649,77.585535
12.997649,77.585106
12.997649,77.584505
12.997879,77.584398
12.998235,77.584312
12.998297,77.584312
12.998569,77.584312
12.998757,77.584291
12.998966,77.584226
12.999175,77.584205
12.999426,77.584162
12.999426,77.58399
12.999426,77.583776
12.999343,77.583303
12.999343,77.583218
12.999301,77.58296
12.999238,77.582788
12.999092,77.582574
12.99882,77.582402
12.998653,77.582123
12.998527,77.581995
12.998339,77.581758
12.998214,77.581587
12.997942,77.581372
12.997712,77.581201
12.99744,77.580986
12.997189,77.580771
12.997001,77.5806
12.996917,77.580428
12.996687,77.580171
12.99629,77.579913
12.996227,77.579849
12.995997,77.579634
12.995851,77.579484
12.995349,77.579119
12.995187,77.578883
12.994957,77.578615
12.994852,77.578508
12.994758,77.578422
12.994612,77.578229
12.994486,77.578003
12.994298,77.577875
12.994193,77.577757
12.994183,77.577671
12.994074,77.577617
12.994074,77.577531
12.993928,77.577467
12.993823,77.577274
12.993718,77.577209
12.993614,77.577188
12.993468,77.577209
12.993405,77.577252
12.993217,77.577317
12.993091,77.577381
12.993008,77.577424
12.992903,77.577446
12.992782,77.577499
12.992688,77.577574
12.992573,77.577649
12.9925,77.57766
12.992385,77.577714
12.99227,77.577789
12.992165,77.577842
12.992103,77.577885
12.992009,77.577853
12.991946,77.57781
12.991925,77.577767
12.991852,77.577724
12.99182,77.577682
12.991799,77.577649
12.991737,77.577617
12.991684,77.577531
12.991664,77.577467
12.991632,77.577564
12.99158,77.577649
12.991538,77.577789
12.991507,77.577896
12.991475,77.578014
12.991444,77.578089
12.991434,77.578154
12.991423,77.578229
12.99136,77.578368
12.991329,77.578551
12.991266,77.578679
12.991235,77.578808
12.991204,77.578894
12.991193,77.579044
12.991151,77.579184
12.99112,77.579291
12.991099,77.57943
12.991078,77.579516
12.990994,77.579505
12.991026,77.579634
12.990911,77.579752
12.990809,77.579795
12.99067,77.57972
12.990503,77.579645
12.990409,77.579548
12.990252,77.579452
12.990054,77.579312
12.989855,77.579205
12.989635,77.579087
12.989499,77.578958
12.989332,77.578819
12.989134,77.578701
12.988904,77.578561
12.988726,77.578433
12.988402,77.578261
12.988235,77.578057
12.988025,77.577971
12.987931,77.577885
12.987733,77.577746
12.987513,77.57766
12.987346,77.577488
12.987074,77.577295
12.986823,77.577188
12.986625,77.57707
12.986405,77.576888
12.98629,77.576813
12.986123,77.576652
12.98583,77.576448
12.9856,77.576265
12.985401,77.57619
12.985224,77.576061
12.985035,77.575922
12.984931,77.575815
12.984816,77.575718
12.984607,77.575364
12.984502,77.575192
12.984387,77.574978
12.984335,77.57486
12.984262,77.574828
12.984126,77.574795
12.984115,77.574956
12.984053,77.575192
12.984011,77.57531
12.98398,77.575439
12.98398,77.575557
12.983948,77.575729
12.983927,77.575804
12.983906,77.57589
12.983844,77.576029
12.983812,77.576233
12.98375,77.576512
12.983718,77.576555
12.983676,77.576759
12.983666,77.576802
12.983614,77.577027
12.983561,77.577209
12.98354,77.577317
12.983446,77.577177
12.9833,77.577081
12.983206,77.576984
12.983091,77.576866
12.982819,77.576748
12.982505,77.576619
12.98237,77.576576
12.982119,77.576598
12.98191,77.576609
12.981753,77.57663
12.981596,77.576705
12.981439,77.576748
12.981303,77.576813
12.98122,77.576866
12.981094,77.576898
12.980927,77.577006
12.980854,77.577134
12.98077,77.577274
12.980728,77.577446
12.980665,77.577746
12.980592,77.578014
12.980571,77.578197
12.980509,77.578508
12.980477,77.578636
12.980446,77.578905
12.980435,77.579044
12.980373,77.579302
12.980341,77.579484
12.980289,77.579752
12.980237,77.580096
12.980185,77.580342
12.980122,77.580557
12.979923,77.580986
12.979808,77.581201
12.979568,77.581694
12.979505,77.581834
12.97939,77.581919
12.979265,77.58208
12.97917,77.582252
12.979035,77.582467
12.978961,77.582595
12.978846,77.582756
12.97871,77.582992
12.978627,77.583175
12.978512,77.583357
12.978397,77.583529
12.978271,77.58369
12.978167,77.583861
12.978073,77.584001
12.97801,77.584119
12.977905,77.584215
12.977832,77.584301
12.977769,77.584344
12.977623,77.584258
12.977435,77.584183
12.977268,77.584001
12.977132,77.583926
12.97686,77.583711
12.976661,77.583582
12.976484,77.583443
12.976274,77.583325
12.976107,77.583218
12.975992,77.583089
12.975752,77.582982
12.975668,77.582864
12.975396,77.582692
12.975313,77.582628
12.975208,77.582563
12.975135,77.582531
12.975041,77.582381
12.974829,77.582252
12.974756,77.582209
12.974646,77.582139
12.974557,77.582059
12.974363,77.581914
12.974201,77.581828
12.974076,77.581748
12.973924,77.581646
12.973762,77.581565
12.973668,77.581517
12.973558,77.581442
12.97336,77.58134
12.973255,77.58127
12.973156,77.58119
12.973067,77.581147
12.973033,77.581179
12.972939,77.581222
12.972898,77.581297
12.972835,77.581372
12.972751,77.581544
12.972605,77.581801
12.972521,77.581952
12.972417,77.58208
12.972333,77.582188
12.972249,77.582316
12.972113,77.582445
12.97204,77.582606
12.971883,77.582746
12.971685,77.582982
12.971622,77.583057
12.971423,77.583207
12.971267,77.5834
12.971162,77.583475
12.971016,77.583647
12.970901,77.583743
12.970765,77.584001
12.970691,77.584065
12.970566,77.584162
12.970451,77.584291
12.970388,77.584344
12.970305,77.584516
12.9702,77.584634
12.970043,77.584666
12.969824,77.584709
12.969656,77.584709
12.969468,77.584741
12.969238,77.58473
12.968841,77.584741
12.968642,77.584773
12.968391,77.584773
12.968214,77.584773
12.967994,77.584988
12.967795,77.585117
12.967701,77.585224
12.967555,77.585471
12.96745,77.585717
12.967346,77.585996
12.967252,77.586222
12.967179,77.586544
12.967116,77.586683
12.967084,77.586865
12.967043,77.586994
12.967043,77.587187
12.967043,77.587252
12.96705,77.587337
12.967087,77.587429
12.967029,77.587456
12.966925,77.58745
12.966825,77.587456
12.966752,77.587445
12.966684,77.587429
12.966569,77.587386
12.96648,77.587295
12.966391,77.587241
12.966287,77.587075
12.966188,77.586973
12.966099,77.586919
12.966036,77.586849
12.965958,77.586796
12.965895,77.586753
12.965754,77.586731
12.965649,77.586694
12.965576,77.586651
12.965445,77.58678
12.965398,77.586865
12.965383,77.586903
12.96533,77.586946
12.965288,77.587005
12.965241,77.587085
12.965231,77.587112
12.965163,77.58715
12.9651,77.58723
12.965022,77.5873
12.96497,77.587364
12.964891,77.587466
12.964844,77.587541
12.964745,77.587633
12.96464,77.587783
12.96452,77.587869
12.964415,77.587992
12.964311,77.588105
12.964259,77.588185
12.964185,77.588314
12.964091,77.5884
12.964023,77.588448
12.963961,77.588512
12.963914,77.588566
12.96383,77.588657
12.963778,77.5887
12.96371,77.588781
12.963631,77.588893
12.963553,77.588947
12.963495,77.589059
12.963391,77.589161
12.963281,77.589296
12.963187,77.589403
12.963082,77.589483
12.96302,77.58951
12.962941,77.589655
12.962889,77.589751
12.9628,77.589886
12.962727,77.590095
12.962664,77.59039
12.962622,77.590562
12.96256,77.590792
12.962554,77.590932
12.962518,77.59106
12.962486,77.591237
12.96245,77.591398
12.962408,77.591629
12.962366,77.591881
12.96234,77.592053
12.962293,77.592257
12.962272,77.592396
12.96223,77.592627
12.962199,77.592852
12.962136,77.593238
12.962131,77.593421
12.962115,77.5937
12.96211,77.593946
12.962131,77.594097
12.962147,77.594338
12.962167,77.594494
12.962204,77.594606
12.962272,77.594799
12.962314,77.594934
12.962382,77.595052
12.962408,77.595105
12.962486,77.595218
12.962533,77.595288
12.962654,77.595443
12.962816,77.595647
12.962925,77.595776
12.963009,77.595808
12.963056,77.595867
12.963098,77.595926
12.963203,77.596049
12.963307,77.596119
12.963375,77.596194
12.963501,77.59628
12.963589,77.59635
12.96372,77.596436
12.963772,77.596511
12.963856,77.59657
12.963929,77.596602
12.964039,77.596645
12.964191,77.596731
12.964274,77.596784
12.964431,77.596849
12.964483,77.596881
12.964572,77.596902
12.964672,77.59694
12.96475,77.596988
12.964792,77.597052
12.964807,77.596993
12.964787,77.596897
12.964797,77.596655
12.964834,77.596452
12.964855,77.596264
12.964928,77.596124
12.965011,77.596012
12.9651,77.595894
12.965241,77.595808
12.965388,77.595685
12.965534,77.595593
12.96567,77.595491
12.965816,77.595416
12.965984,77.595336
12.966182,77.595207
12.966365,77.595148
12.966496,77.595127
12.9667,77.595068
12.966925,77.594987
12.967102,77.594971
12.96739,77.594896
12.967615,77.594858
12.967913,77.594789
12.968049,77.594746
12.968347,77.594703
12.968603,77.59466
12.968937,77.59459
12.969113,77.594537
12.969238,77.594537
12.969311,77.594537
12.9695,77.594494
12.969761,77.594408
12.969949,77.594386
12.970054,77.594322
12.970284,77.594322
12.970503,77.594258
12.970712,77.594247
12.970953,77.594118
12.97112,77.594097
12.971287,77.594086
12.971382,77.594086
12.971528,77.594086
12.971779,77.594075
12.971883,77.594075
12.972092,77.594032
12.972145,77.594032
12.972312,77.594204
12.972584,77.594483
12.97273,77.594579
12.972803,77.594655
12.972981,77.594751
12.973117,77.594901
12.973222,77.594998
12.973378,77.595094
12.973462,77.59518
12.973588,77.59532
12.973671,77.595491
12.973818,77.595599
12.974016,77.595942
12.974173,77.59606
12.974361,77.59621
12.974476,77.596393
12.974612,77.596554
12.974685,77.596682
12.974779,77.596757
12.974863,77.596886
12.975041,77.597122
12.975153,77.597326
12.975268,77.597423
12.975419,77.597664
12.97555,77.59783
12.975681,77.597997
12.975775,77.598109
12.975864,77.598249
12.975932,77.598372
12.976172,77.598656
12.976282,77.598769
12.976381,77.598919
12.97647,77.599064
12.976549,77.599166
12.976637,77.599241
12.976839,77.599257
12.977048,77.599171
12.977299,77.599021
12.977477,77.598957
12.977707,77.598807
12.977905,77.598742
12.978156,77.598646
12.978376,77.598474
12.978606,77.59841
12.978805,77.598281
12.979024,77.598206
12.979265,77.598023
12.979515,77.597884
12.979819,77.597744
12.980017,77.597691
12.9803,77.597562
12.980467,77.597519
12.980676,77.597412
12.980854,77.597347
12.980979,77.597347
12.980895,77.597648
12.98078,77.597916
12.980728,77.598184
12.980634,77.598399
12.98054,77.59871
12.980456,77.598925
12.980362,77.599257
12.980279,77.599525
12.980195,77.599772
12.980059,77.600073
12.979944,77.600384
12.979829,77.600824
12.979693,77.601113
12.979547,77.601489
12.979417,77.601736
12.979333,77.601993
12.979208,77.602208
12.979103,77.602465
12.978936,77.602937
12.978727,77.603559
12.978601,77.60401
12.978476,77.604461
12.97835,77.604847
12.978225,77.605169
12.9781,77.605555
12.978016,77.605855
12.977911,77.606113
12.977828,77.606499
12.977723,77.606821
12.977577,77.607315
12.977451,77.607744
12.977347,77.60813
12.977242,77.60843
12.977159,77.608774
12.977033,77.60901
12.976887,77.609224
12.976719,77.609611
12.976615,77.609997
12.976552,77.61019
12.976489,77.610426
12.976364,77.610769
12.97628,77.611048
12.976218,77.611349
12.976155,77.61167
12.976029,77.612057
12.975925,77.612314
12.97582,77.612658
12.975716,77.613044
12.97559,77.613387
12.975465,77.613816
12.975339,77.614224
12.975256,77.614481
12.975047,77.614417
12.974628,77.614181
12.974252,77.614117
12.974001,77.614052
12.973834,77.613966
12.973604,77.613902
12.973437,77.614331
12.973395,77.614589
12.973207,77.615318
12.973102,77.61564
12.972998,77.616026
12.972935,77.616413
12.972851,77.616735
12.972747,77.617228
12.972684,77.617528
12.9726,77.617893
12.972496,77.618194
12.972412,77.618558
12.97237,77.618966
12.972349,77.619352
12.972391,77.619653
12.972537,77.619846
12.972621,77.619996
12.972621,77.620296
12.9726,77.620618
12.9726,77.620983
12.9726,77.621348
12.972684,77.621691
12.972893,77.622077
12.973018,77.622464
12.97329,77.622936
12.973416,77.62315
12.973625,77.623687
12.973855,77.623837
12.974022,77.624137
12.97421,77.624631
12.974461,77.624996
12.974649,77.625275
12.974859,77.625425
12.975005,77.625661
12.975193,77.62579
12.975423,77.626004
12.975569,77.626154
12.975758,77.626283
12.976092,77.626498
12.976343,77.626777
12.976657,77.627034
12.976949,77.627163
12.977096,77.627313
12.977347,77.627485
12.977577,77.627742
12.977828,77.628043
12.977953,77.628193
12.978162,77.628429
12.978309,77.628708
12.978288,77.628472
12.97833,77.6283
12.978455,77.62815
12.978518,77.627892
12.978518,77.627699
12.97856,77.627528
12.978664,77.626948
12.978727,77.626691
12.978727,77.626498
12.978748,77.626348
12.978769,77.626219
12.97902,77.626219
12.97927,77.626219
12.979584,77.626262
12.979584,77.625897
12.979578,77.625736
12.979568,77.625564
12.979578,77.625371
12.97961,77.625221
12.979672,77.625232
12.979819,77.625328
12.979975,77.625403
12.980122,77.625414
12.980205,77.625403
12.980226,77.62521
12.980226,77.625114
12.980258,77.624792
12.98032,77.624706
12.980446,77.624749
12.980571,77.624749
12.980676,77.624749
12.980676,77.624599
12.980718,77.624459
12.98076,77.624373
12.980822,77.624277
12.980969,77.624352
12.981178,77.624373
12.981261,77.624406
12.981376,77.624427
12.98146,77.624427
12.981533,77.624438
12.98169,77.62447
12.981795,77.624491
12.981847,77.624116
12.981815,77.623805
12.981784,77.623687
12.981732,77.62344
12.98168,77.623268
12.981596,77.623097
12.981565,77.622968
12.981815,77.62285
12.981983,77.622818
12.982244,77.622753
12.982753,77.622614
12.983255,77.622614
12.983799,77.622528
12.984259,77.622442
12.984635,77.622356
12.985179,77.622356
12.985639,77.622356
12.98589,77.622356
12.986559,77.622356
12.987019,77.622528
12.987437,77.622528
12.98755,77.622356
12.98755,77.622249
12.987509,77.621906
12.987467,77.621562
12.987467,77.621455
12.987404,77.621326
12.987362,77.621047
12.987362,77.620833
12.987341,77.620618
12.987279,77.620275
12.987258,77.620103
12.987258,77.619889
12.987258,77.61961
12.987258,77.619331
12.987341,77.619116
12.987362,77.61888
12.98753,77.618601
12.987655,77.618451
12.987801,77.618301
12.987864,77.618151
12.98799,77.617915
12.988157,77.617421
12.988554,77.617249
12.988596,77.616949
12.988763,77.616649
12.988993,77.616284
12.989098,77.616155
12.989307,77.615876
12.989432,77.61564
12.989641,77.61534
12.989704,77.615125
12.989955,77.614825
12.990059,77.614632
12.990269,77.614374
12.990499,77.613945
12.990603,77.613623
12.990687,77.613344
12.990938,77.612936
12.991105,77.612572
12.99123,77.61225
12.991293,77.611885
12.991356,77.611778
12.99146,77.611477
12.991669,77.611177
12.991774,77.610962
12.991962,77.610683
12.992046,77.610576
12.992276,77.610147
12.992318,77.609975
12.992527,77.60989
12.992715,77.609653
12.992924,77.609439
12.99307,77.609203
12.993154,77.608945
12.993258,77.608709
12.993342,77.608387
12.993405,77.60813
12.993426,77.607937
12.993426,77.607572
12.993426,77.607379
12.993384,77.607315
12.993175,77.607207
12.992945,77.607186
12.992798,77.607164
12.992485,77.607164
12.992255,77.607164
12.991941,77.607164
12.991649,77.607121
12.99146,77.607121
12.991126,77.607121
12.990833,77.607057
12.99054,77.607057
12.990289,77.607057
12.990248,77.606971
12.990206,77.606843
12.990164,77.606649
12.990164,77.606328
12.990164,77.606091
12.990143,77.605791
12.990122,77.605641
12.990143,77.605448
12.990227,77.605298
12.990373,77.605298
12.990561,77.605212
12.990791,77.60519
12.991042,77.605019
12.99123,77.604933
12.991439,77.604847
12.991669,77.60474
12.991837,77.604589
12.991946,77.604461
12.992071,77.604343
12.992144,77.604225
12.992322,77.604085
12.992437,77.604053
12.992521,77.603967
12.992636,77.603871
12.992678,77.603828
12.992657,77.603688
12.992636,77.603559
12.992594,77.603399
12.9925,77.603087
12.992479,77.603002
12.992479,77.60268
12.992479,77.602412
12.992468,77.602143
12.992468,77.601993
12.992489,77.6018
12.992552,77.601639
12.992594,77.601457
12.992636,77.601231
12.992761,77.600985
12.992866,77.600502
12.992981,77.600287
12.993033,77.600148
12.993064,77.599998
12.993138,77.59989
12.9932,77.599686
12.993242,77.599568
12.993294,77.599418
12.993347,77.599322
12.993388,77.599257
12.993441,77.599032
12.993514,77.598871
12.993577,77.598742
12.99365,77.598614
12.993713,77.598528
12.993733,77.598399
12.993817,77.598249
12.993901,77.598109
12.993922,77.59798
12.993963,77.597959
12.994068,77.597584
12.994131,77.59739
12.994152,77.597294
12.994173,77.597187
12.994193,77.597144
12.994235,77.596886
12.994308,77.596725
12.99435,77.596618
12.994392,77.5965
12.994413,77.596393
12.994444,77.596318
12.994497,77.596232
12.994538,77.596178
12.994612,77.596103
12.994632,77.596071
12.994674,77.596039
