12.959657,77.519403
12.959577,77.519767
12.959567,77.519982
12.959515,77.52025
12.959483,77.520411
12.959421,77.520754
12.959368,77.521044
12.959337,77.521259
12.959285,77.52158
12.959285,77.521988
12.959274,77.52216
12.959201,77.522428
12.959159,77.522664
12.959128,77.522879
12.959097,77.523179
12.959055,77.523415
12.959023,77.523673
12.959013,77.523801
12.958982,77.523919
12.958971,77.524059
12.95894,77.524252
12.958877,77.524434
12.958846,77.524585
12.958772,77.524831
12.95872,77.525014
12.958647,77.525142
12.958574,77.525421
12.958521,77.525518
12.958459,77.52569
12.958406,77.525808
12.958333,77.525926
12.95826,77.526119
12.958218,77.526248
12.958156,77.52643
12.958093,77.526709
12.95802,77.526762
12.957957,77.526913
12.957831,77.527052
12.957737,77.527213
12.957706,77.527288
12.957643,77.527374
12.95758,77.527471
12.957539,77.527535
12.957403,77.52775
12.95733,77.527889
12.957256,77.528018
12.957215,77.528179
12.957089,77.528329
12.956984,77.528436
12.95675,77.528265
12.956624,77.528243
12.956457,77.528179
12.956227,77.528071
12.956039,77.52805
12.955746,77.527943
12.955537,77.5279
12.955244,77.52775
12.955014,77.527664
12.954722,77.527578
12.954575,77.527556
12.954366,77.527514
12.95422,77.527492
12.953927,77.527428
12.953634,77.527428
12.953383,77.527363
12.953174,77.527363
12.952965,77.527299
12.952756,77.527299
12.952589,77.527277
12.952359,77.527235
12.952128,77.527235
12.952003,77.527192
12.951773,77.527106
12.951522,77.527084
12.951271,77.527084
12.950999,77.527063
12.950727,77.526999
12.950623,77.526999
12.950372,77.526977
12.950079,77.526913
12.949933,77.526913
12.949682,77.526891
12.94941,77.526891
12.949284,77.52687
12.949034,77.526891
12.948845,77.526913
12.948553,77.52687
12.948364,77.526805
12.948218,77.526784
12.947967,77.526784
12.947821,77.526762
12.947591,77.526741
12.947444,77.526762
12.947256,77.52672
12.94711,77.526698
12.947005,77.526677
12.946796,77.526677
12.946545,77.526634
12.94644,77.526612
12.946273,77.526612
12.946064,77.526569
12.945834,77.526505
12.94575,77.526677
12.945646,77.526827
12.94552,77.527192
12.945374,77.527449
12.94529,77.52775
12.945207,77.527943
12.945123,77.528136
12.944997,77.528501
12.944956,77.528694
12.944851,77.528973
12.944663,77.529316
12.944516,77.529552
12.944266,77.529767
12.943931,77.52996
12.943722,77.530088
12.943492,77.530239
12.943241,77.530367
12.943053,77.530453
12.942802,77.530603
12.942551,77.530797
12.942258,77.530968
12.942091,77.531033
12.941861,77.53114
12.941693,77.531269
12.94138,77.531397
12.94115,77.531612
12.940815,77.53202
12.940564,77.532063
12.940313,77.53217
12.940146,77.532234
12.939937,77.532384
12.939602,77.532513
12.93933,77.532663
12.939058,77.532878
12.938828,77.533007
12.938473,77.533221
12.938243,77.53335
12.937887,77.533457
12.937532,77.53365
12.937302,77.533801
12.937009,77.533929
12.936611,77.534058
12.936277,77.53423
12.936089,77.534423
12.9359,77.534616
12.935769,77.534873
12.935654,77.535131
12.93557,77.535292
12.935518,77.535485
12.935414,77.5357
12.935288,77.535914
12.935183,77.536118
12.935068,77.536311
12.934995,77.536461
12.934922,77.536687
12.934828,77.536901
12.934744,77.536998
12.934608,77.537234
12.934535,77.537395
12.93441,77.537609
12.934378,77.537695
12.934305,77.537845
12.934221,77.538049
12.934148,77.538178
12.934044,77.538285
12.933971,77.538403
12.933918,77.5385
12.933845,77.538639
12.933761,77.538768
12.93372,77.538854
12.933657,77.53894
12.933866,77.539015
12.933981,77.539133
12.934096,77.539186
12.934201,77.539272
12.934263,77.539347
12.934347,77.539412
12.934462,77.539476
12.93464,77.539583
12.934817,77.539626
12.934974,77.539691
12.935173,77.539755
12.935288,77.539766
12.935466,77.539819
12.93556,77.539852
12.935738,77.539895
12.935936,77.539927
12.936166,77.53997
12.936587,77.540141
12.936731,77.540195
12.936909,77.54027
12.937076,77.540345
12.937233,77.540388
12.937379,77.540452
12.937463,77.540506
12.937588,77.54057
12.937609,77.540474
12.937662,77.540281
12.937693,77.540141
12.937714,77.540023
12.937756,77.539895
12.937787,77.539819
12.937787,77.539712
12.937808,77.539637
12.937829,77.539519
12.937881,77.53938
12.937902,77.539337
12.937996,77.539283
12.938164,77.539251
12.938216,77.53924
12.938383,77.539208
12.93853,77.539197
12.938655,77.539176
12.938885,77.539111
12.939011,77.539111
12.939094,77.53909
12.939262,77.539047
12.939335,77.539047
12.939481,77.539004
12.939617,77.539004
12.939742,77.538972
12.939899,77.538918
12.940077,77.538886
12.940297,77.538865
12.940422,77.538854
12.940589,77.538854
12.940767,77.538843
12.940893,77.538822
12.941039,77.538811
12.941206,77.538779
12.941353,77.538779
12.941478,77.538779
12.941698,77.538779
12.941855,77.538757
12.942043,77.538747
12.9422,77.538714
12.942409,77.538682
12.942691,77.538693
12.94289,77.538693
12.942984,77.538671
12.943141,77.538661
12.943193,77.538661
12.94335,77.538661
12.943402,77.538661
12.943507,77.538661
12.943496,77.538779
12.943496,77.538929
12.943496,77.539068
12.943517,77.539251
12.943517,77.539401
12.943486,77.539562
12.943486,77.539648
12.943486,77.539841
12.943486,77.53997
12.943486,77.54012
12.943475,77.540292
12.943475,77.540399
12.943465,77.540624
12.943444,77.540764
12.943423,77.540839
12.943413,77.541
12.943392,77.541171
12.943392,77.541332
12.943392,77.541482
12.943392,77.541708
12.943373,77.541718
12.943373,77.541815
12.943357,77.541885
12.943342,77.541955
12.943321,77.542137
12.943305,77.542298
12.943279,77.542443
12.943253,77.542571
12.943237,77.542711
12.943216,77.542968
12.943216,77.543049
12.943216,77.543183
12.943216,77.543237
12.943216,77.543317
12.943201,77.543446
12.943185,77.543553
12.94319,77.543623
12.943195,77.543703
12.94318,77.543773
12.943169,77.543859
12.943174,77.543939
12.943169,77.54402
12.943169,77.544138
12.943159,77.544256
12.943159,77.54439
12.943159,77.544529
12.943159,77.544674
12.943159,77.54483
12.943148,77.544969
12.943112,77.545082
12.94307,77.5452
12.943059,77.545313
12.943007,77.545457
12.942981,77.545565
12.942903,77.545801
12.942871,77.545962
12.94284,77.546042
12.942824,77.546139
12.942814,77.546187
12.942782,77.546321
12.942761,77.546423
12.94274,77.546498
12.942714,77.546595
12.942625,77.546901
12.942578,77.546976
12.942547,77.547104
12.94251,77.547228
12.942505,77.547297
12.94251,77.547367
12.942474,77.547458
12.942463,77.547576
12.942453,77.547646
12.942411,77.547861
12.942406,77.54793
12.942293,77.548199
12.942293,77.548885
12.942293,77.549486
12.94221,77.550001
12.94221,77.550259
12.94221,77.550602
12.942043,77.551203
12.94221,77.551632
12.942563,77.551718
12.942939,77.551889
12.943106,77.551761
12.943232,77.551289
12.943399,77.551246
12.943734,77.551246
12.944236,77.551246
12.944863,77.551246
12.945072,77.551246
12.945448,77.551246
12.946201,77.551374
12.946578,77.551503
12.946912,77.551632
12.947247,77.551632
12.947623,77.551761
12.947791,77.551761
12.948125,77.551804
12.948418,77.551889
12.948376,77.551246
12.948418,77.550559
12.948794,77.550688
12.949087,77.550688
12.949422,77.550688
12.949715,77.550688
12.950049,77.550688
12.950467,77.550645
12.950593,77.550602
12.950593,77.550302
12.950718,77.550087
12.95076,77.549829
12.950844,77.549615
12.951178,77.549529
12.951471,77.549272
12.951722,77.549229
12.951973,77.549143
12.952642,77.549186
12.95306,77.549229
12.953604,77.549229
12.954022,77.549314
12.954273,77.549314
12.954608,77.549357
12.954942,77.549357
12.955152,77.549357
12.955265,77.549314
12.955558,77.549036
12.95583,77.548842
12.956394,77.548542
12.956771,77.548306
12.957022,77.548177
12.957524,77.547877
12.957921,77.547619
12.958486,77.547362
12.958883,77.547104
12.959197,77.546933
12.959698,77.546546
12.960284,77.54631
12.960598,77.546096
12.960953,77.545989
12.961392,77.545688
12.961894,77.545238
12.96227,77.545002
12.96294,77.544658
12.963295,77.544401
12.963441,77.544315
12.963713,77.544143
12.964006,77.543886
12.964173,77.544165
12.964299,77.544444
12.964299,77.544615
12.964299,77.544873
12.96432,77.545109
12.96432,77.546117
12.964382,77.546418
12.964466,77.546697
12.96455,77.546997
12.964675,77.54734
12.964759,77.547727
12.964863,77.547941
12.965073,77.548327
12.965261,77.548628
12.965365,77.548842
12.965595,77.549121
12.965763,77.549379
12.965909,77.549593
12.966076,77.549765
12.966181,77.550001
12.966369,77.550194
12.966599,77.550409
12.96676,77.55042
12.966896,77.550527
12.967084,77.550656
12.967158,77.550752
12.967325,77.55087
12.967409,77.550977
12.967513,77.551095
12.967639,77.551181
12.967733,77.551289
12.967806,77.551364
12.967869,77.551482
12.967973,77.55161
12.968078,77.551804
12.968088,77.551911
12.96814,77.551943
12.968214,77.552158
12.968255,77.552372
12.968287,77.552512
12.968339,77.552748
12.968381,77.552866
12.968433,77.553027
12.968475,77.553155
12.968538,77.553327
12.96859,77.553445
12.968632,77.553552
12.968674,77.55366
12.968695,77.553864
12.968705,77.554078
12.968778,77.554185
12.96881,77.554389
12.968862,77.554507
12.968966,77.55455
12.969029,77.55455
12.969134,77.554507
12.969217,77.554507
12.969364,77.554518
12.969437,77.554539
12.969552,77.554561
12.969656,77.554625
12.969803,77.55469
12.969939,77.554775
12.969991,77.554808
12.970127,77.554861
12.970231,77.554904
12.970273,77.554926
12.970482,77.555001
12.970618,77.555044
12.970806,77.555087
12.970995,77.555162
12.97112,77.555215
12.971319,77.555237
12.971507,77.555301
12.97158,77.555323
12.971674,77.555366
12.97181,77.555419
12.971977,77.55543
12.972051,77.555441
12.972166,77.555441
12.972239,77.555441
12.972302,77.55543
12.972385,77.555408
12.972427,77.555408
12.972573,77.555408
12.972584,77.555441
12.972835,77.555526
12.972981,77.555537
12.973148,77.555569
12.973274,77.555612
12.973431,77.555677
12.973546,77.555687
12.973744,77.555752
12.973838,77.555763
12.973995,77.555838
12.974131,77.555891
12.974225,77.555923
12.97434,77.555934
12.97456,77.555945
12.974654,77.555945
12.974873,77.555934
12.975083,77.555956
12.975271,77.556009
12.975409,77.556052
12.975545,77.55609
12.975587,77.556095
12.975574,77.555999
12.975574,77.555859
12.975574,77.555548
12.975584,77.555312
12.975584,77.555097
12.975564,77.554915
12.975553,77.554754
12.975553,77.554572
12.975553,77.554411
12.975553,77.55426
12.975553,77.55411
12.975532,77.55396
12.975522,77.553842
12.975511,77.553649
12.975469,77.553424
12.975469,77.553316
12.975438,77.553145
12.975407,77.552962
12.975354,77.552801
12.97525,77.552598
12.975114,77.552404
12.975009,77.552319
12.974905,77.552136
12.974758,77.551954
12.974623,77.551707
12.974476,77.5516
12.974309,77.551396
12.974058,77.551031
12.973849,77.550688
12.973807,77.550516
12.973807,77.550162
12.973818,77.549958
12.973943,77.549711
12.973995,77.549593
12.974236,77.549272
12.974403,77.549089
12.974528,77.548853
12.974685,77.548649
12.974842,77.548456
12.975072,77.548327
12.974915,77.548199
12.974748,77.548059
12.974602,77.547941
12.974403,77.547791
12.974361,77.547662
12.974288,77.547448
12.974194,77.547137
12.974194,77.546868
12.974215,77.546268
12.974215,77.545924
12.974215,77.545667
12.974215,77.545527
12.974215,77.545366
12.974204,77.545087
12.974194,77.544819
12.974163,77.544497
12.974142,77.544208
12.974068,77.54365
12.974037,77.543424
12.973995,77.54321
12.973974,77.542995
12.973901,77.542791
12.973818,77.542255
12.973792,77.542019
12.973771,77.541912
12.973708,77.541611
12.973583,77.541268
12.973478,77.541118
12.973458,77.540903
12.973416,77.540603
12.973374,77.54041
12.973269,77.540023
12.973228,77.539787
12.973102,77.539444
12.973039,77.539186
12.972935,77.53895
12.97283,77.538671
12.972684,77.538307
12.972579,77.538135
12.972328,77.537942
12.972119,77.537749
12.972036,77.537684
12.971889,77.537599
12.97168,77.537534
12.971492,77.53747
12.971325,77.537427
12.971157,77.537384
12.970907,77.537341
12.970677,77.537298
12.970551,77.537255
12.970363,77.537234
12.970154,77.537127
12.969966,77.537041
12.96984,77.536998
12.969694,77.536933
12.969526,77.536848
12.969422,77.536826
12.969255,77.536719
12.969108,77.536719
12.969004,77.536697
12.968753,77.536633
12.968585,77.536547
12.968481,77.536526
12.968314,77.53644
12.968209,77.53644
12.968042,77.536333
12.967958,77.536247
12.96777,77.536161
12.967645,77.536118
12.96754,77.536054
12.967373,77.535989
12.967143,77.535861
12.966954,77.535796
12.966808,77.53571
12.966704,77.535667
12.966536,77.535625
12.966348,77.535539
12.966202,77.535431
12.966055,77.535388
12.965993,77.535367
12.965804,77.535303
12.965553,77.535152
12.965365,77.535067
12.965198,77.535024
12.964989,77.534938
12.964801,77.534873
12.964592,77.534809
12.964403,77.534659
12.964215,77.534573
12.964152,77.534509
12.964173,77.534273
12.964299,77.53408
12.964341,77.533929
12.964362,77.533693
12.964299,77.533393
12.964341,77.5332
12.964362,77.533071
12.964362,77.532856
12.964403,77.53262
12.964403,77.532406
12.964403,77.532341
12.964403,77.531805
12.964382,77.531483
12.964341,77.531204
12.964257,77.530861
12.964257,77.530711
12.964236,77.530432
12.964236,77.530196
12.964236,77.530088
12.964257,77.52996
12.964299,77.529638
12.964299,77.529316
12.964487,77.529337
12.964554,77.529305
12.964648,77.529273
12.964701,77.529101
12.96468,77.528855
12.96468,77.528576
12.964617,77.5282
12.964617,77.527996
12.964596,77.5279
12.964596,77.527771
12.964575,77.527653
12.964554,77.52761
12.964565,77.527503
12.964565,77.527471
12.964554,77.527299
12.964523,77.527138
12.964512,77.526966
12.964502,77.526859
12.964492,77.526687
12.964471,77.526494
12.964418,77.526366
12.964303,77.526537
12.964178,77.526559
12.964084,77.52658
12.963969,77.526644
12.963896,77.526655
12.963812,77.526687
12.963697,77.52672
12.963592,77.52673
12.963509,77.526762
12.963404,77.526762
12.963352,77.526762
12.963258,77.526762
12.963153,77.526741
12.96307,77.526698
12.962965,77.526677
12.962902,77.526666
12.962798,77.526644
12.962756,77.526644
12.962662,77.526612
12.962578,77.526623
12.962484,77.526644
12.962442,77.526655
12.962285,77.52672
12.962191,77.526741
12.962097,77.526762
12.962003,77.526795
12.961951,77.526795
12.96192,77.526773
12.96192,77.526634
12.96192,77.526569
12.96192,77.526451
12.961909,77.526387
12.96192,77.526333
12.96192,77.526269
12.96192,77.526205
12.961909,77.526044
12.961846,77.525926
12.961825,77.525797
12.961815,77.525711
12.961784,77.525561
12.961742,77.525475
12.961721,77.525357
12.961689,77.525218
12.961637,77.5251
12.961627,77.525003
12.961606,77.524906
12.961564,77.524778
12.961533,77.524692
12.961564,77.524574
12.961606,77.52452
12.96171,77.524467
12.961752,77.524402
12.961742,77.524273
12.961742,77.524048
12.961784,77.523941
12.961825,77.523812
12.961909,77.523673
12.962003,77.523501
12.962066,77.523383
12.962129,77.523243
12.962181,77.523147
12.96215,77.52304
12.96215,77.522954
12.962118,77.522739
12.962118,77.522632
12.962087,77.522471
12.962055,77.522407
12.961993,77.522331
12.96194,77.522235
12.961909,77.522171
12.961878,77.522053
12.961836,77.521945
12.961805,77.521849
12.961794,77.521731
12.961784,77.521666
12.961752,77.521484
12.961742,77.52128
12.961742,77.521151
12.961752,77.520969
12.961752,77.520829
12.961752,77.520711
12.961658,77.520636
12.961585,77.520604
12.96147,77.52054
12.961334,77.520529
12.961271,77.520486
12.961146,77.520443
12.96102,77.520422
12.960884,77.520357
12.96078,77.520357
12.960654,77.520325
12.96056,77.520304
12.960435,77.520261
12.960288,77.520218
12.960184,77.520078
12.960132,77.519971
12.960069,77.519939
12.959985,77.519735
12.959912,77.519649
12.959797,77.519456
12.959745,77.519381
